Instancias/bayg29/bayg29_10_10.dat 2295.64 0.00 1807 1667 1730.26 0.13
Instancias/bayg29/bayg29_10_1.dat 2259.12 0.00 1799 1620 1686.11 0.13
Instancias/bayg29/bayg29_10_2.dat 2335.12 0.00 1840 1669 1739.50 0.10
Instancias/bayg29/bayg29_10_3.dat 2459.99 0.00 1924 1753 1801.34 0.12
Instancias/bayg29/bayg29_10_4.dat 2332.26 0.00 1838 1622 1693.93 0.10
Instancias/bayg29/bayg29_10_5.dat 2368.01 0.00 1851 1645 1700.58 0.10
Instancias/bayg29/bayg29_10_6.dat 2255.11 0.00 1763 1626 1677.61 0.14
Instancias/bayg29/bayg29_10_7.dat 2529.53 0.00 2042 1833 1937.86 0.13
Instancias/bayg29/bayg29_10_8.dat 2798.82 0.00 2344 2124 2196.39 0.08
Instancias/bayg29/bayg29_10_9.dat 2282.52 0.00 1800 1628 1721.85 0.16
Instancias/bayg29/bayg29_25_10.dat 2472.85 0.00 2194 1862 1963.19 0.09
Instancias/bayg29/bayg29_25_1.dat 2717.96 0.00 2316 2027 2173.10 0.07
Instancias/bayg29/bayg29_25_2.dat 2327.00 0.00 1875 1655 1734.97 0.09
Instancias/bayg29/bayg29_25_3.dat 2466.96 0.00 2074 1827 1906.22 0.10
Instancias/bayg29/bayg29_25_4.dat 2410.80 0.00 2020 1805 1904.37 0.08
Instancias/bayg29/bayg29_25_5.dat 2338.32 0.00 1920 1709 1789.62 0.08
Instancias/bayg29/bayg29_25_6.dat 2534.35 0.00 2073 1841 1942.66 0.11
Instancias/bayg29/bayg29_25_7.dat 2442.32 0.00 2094 1808 1938.14 0.07
Instancias/bayg29/bayg29_25_8.dat 2407.43 0.00 1975 1718 1797.78 0.08
Instancias/bayg29/bayg29_25_9.dat 2399.09 0.00 1958 1683 1774.18 0.07
Instancias/bayg29/bayg29_50_10.dat 2640.07 0.00 2218 1899 1999.89 0.05
Instancias/bayg29/bayg29_50_1.dat 2657.01 0.00 2200 1928 2008.70 0.06
Instancias/bayg29/bayg29_50_2.dat 2930.26 0.00 2664 2255 2440.70 0.06
Instancias/bayg29/bayg29_50_3.dat 2726.81 0.00 2329 2093 2208.84 0.08
Instancias/bayg29/bayg29_50_4.dat 2651.15 0.00 2280 2019 2138.90 0.06
Instancias/bayg29/bayg29_50_5.dat 2502.34 0.00 2122 1785 1913.92 0.06
Instancias/bayg29/bayg29_50_6.dat 2956.23 0.00 2618 2340 2455.51 0.05
Instancias/bayg29/bayg29_50_7.dat 2944.22 0.00 2672 2405 2518.35 0.05
Instancias/bayg29/bayg29_50_8.dat 2757.53 0.00 2511 2208 2346.29 0.05
Instancias/bayg29/bayg29_50_9.dat 2583.92 0.00 2247 1998 2084.65 0.05
