Instancias/burma14/burma14_10_10.dat 4566.52 0.00 3323 3323 3323.00 0.12
Instancias/burma14/burma14_10_1.dat 4542.01 0.00 3416 3416 3416.00 0.07
Instancias/burma14/burma14_10_2.dat 4607.34 0.00 3323 3323 3323.00 0.14
Instancias/burma14/burma14_10_3.dat 4872.22 0.00 3323 3323 3323.00 0.07
Instancias/burma14/burma14_10_4.dat 4793.83 0.00 3761 3751 3751.10 0.07
Instancias/burma14/burma14_10_5.dat 4760.29 0.00 3323 3323 3323.00 0.08
Instancias/burma14/burma14_10_6.dat 4632.84 0.00 3323 3323 3323.00 0.10
Instancias/burma14/burma14_10_7.dat 4649.56 0.00 3323 3323 3323.00 0.17
Instancias/burma14/burma14_10_8.dat 4784.06 0.00 3346 3346 3346.00 0.05
Instancias/burma14/burma14_10_9.dat 4753.23 0.00 3416 3416 3416.00 0.06
Instancias/burma14/burma14_25_10.dat 4725.27 0.00 3928 3928 3928.00 0.04
Instancias/burma14/burma14_25_1.dat 5235.01 0.00 4175 4036 4038.37 0.05
Instancias/burma14/burma14_25_2.dat 4677.87 0.00 3465 3465 3465.00 0.07
Instancias/burma14/burma14_25_3.dat 4899.16 0.00 3336 3336 3336.00 0.04
Instancias/burma14/burma14_25_4.dat 4681.85 0.00 3696 3696 3696.00 0.04
Instancias/burma14/burma14_25_5.dat 4599.97 0.00 3346 3346 3346.00 0.07
Instancias/burma14/burma14_25_6.dat 4925.64 0.00 3610 3610 3610.00 0.04
Instancias/burma14/burma14_25_7.dat 4662.76 0.00 3346 3346 3346.00 0.06
Instancias/burma14/burma14_25_8.dat 4712.80 0.00 3461 3371 3372.35 0.06
Instancias/burma14/burma14_25_9.dat 4685.62 0.00 3837 3834 3834.03 0.06
Instancias/burma14/burma14_50_10.dat 5250.88 0.00 4552 4467 4471.79 0.04
Instancias/burma14/burma14_50_1.dat 4969.79 0.00 4425 4412 4412.13 0.03
Instancias/burma14/burma14_50_2.dat 4861.42 0.00 3748 3748 3748.00 0.03
Instancias/burma14/burma14_50_3.dat 5139.59 0.00 3870 3870 3870.00 0.03
Instancias/burma14/burma14_50_4.dat 4915.12 0.00 3336 3323 3323.13 0.04
Instancias/burma14/burma14_50_5.dat 4660.81 0.00 3524 3524 3524.00 0.05
Instancias/burma14/burma14_50_6.dat 4888.58 0.00 3846 3846 3846.00 0.04
Instancias/burma14/burma14_50_7.dat 4710.83 0.00 3408 3408 3408.00 0.07
Instancias/burma14/burma14_50_8.dat 4778.17 0.00 3528 3506 3506.22 0.05
Instancias/burma14/burma14_50_9.dat 5749.32 0.00 4519 4519 4519.00 0.03
