Instancias/fri26/fri26_10_10.dat 1263.77 0.00 997 937 955.46 0.16
Instancias/fri26/fri26_10_1.dat 1315.48 0.00 1025 937 966.03 0.16
Instancias/fri26/fri26_10_2.dat 1265.74 0.00 1006 937 958.74 0.11
Instancias/fri26/fri26_10_3.dat 1313.86 0.00 1138 1009 1055.46 0.09
Instancias/fri26/fri26_10_4.dat 1299.78 0.00 1057 955 982.92 0.13
Instancias/fri26/fri26_10_5.dat 1348.48 0.00 1125 997 1032.79 0.17
Instancias/fri26/fri26_10_6.dat 1291.18 0.00 1042 937 977.64 0.12
Instancias/fri26/fri26_10_7.dat 1369.76 0.00 1135 1039 1075.75 0.13
Instancias/fri26/fri26_10_8.dat 1351.18 0.00 1078 953 984.09 0.10
Instancias/fri26/fri26_10_9.dat 1302.79 0.00 982 937 951.48 0.08
Instancias/fri26/fri26_25_10.dat 1404.98 0.00 1212 1093 1130.77 0.06
Instancias/fri26/fri26_25_1.dat 1399.64 0.00 1236 1055 1113.22 0.06
Instancias/fri26/fri26_25_2.dat 1551.21 0.00 1293 1201 1228.25 0.07
Instancias/fri26/fri26_25_3.dat 1508.47 0.00 1281 1139 1177.51 0.06
Instancias/fri26/fri26_25_4.dat 1600.42 0.00 1362 1233 1284.88 0.08
Instancias/fri26/fri26_25_5.dat 1415.83 0.00 1136 1017 1071.81 0.07
Instancias/fri26/fri26_25_6.dat 1485.54 0.00 1311 1172 1231.90 0.08
Instancias/fri26/fri26_25_7.dat 1383.91 0.00 1170 1101 1119.69 0.09
Instancias/fri26/fri26_25_8.dat 1380.09 0.00 1118 955 996.95 0.08
Instancias/fri26/fri26_25_9.dat 1414.85 0.00 1255 1081 1116.45 0.06
Instancias/fri26/fri26_50_10.dat 1368.79 0.00 1201 1048 1094.36 0.06
Instancias/fri26/fri26_50_1.dat 1661.78 0.00 1498 1273 1351.34 0.05
Instancias/fri26/fri26_50_2.dat 1453.52 0.00 1163 1045 1089.26 0.09
Instancias/fri26/fri26_50_3.dat 1446.35 0.00 1242 1035 1098.74 0.09
Instancias/fri26/fri26_50_4.dat 1552.07 0.00 1256 1185 1210.07 0.05
Instancias/fri26/fri26_50_5.dat 1523.53 0.00 1374 1185 1274.14 0.05
Instancias/fri26/fri26_50_6.dat 1489.05 0.00 1316 1158 1191.46 0.05
Instancias/fri26/fri26_50_7.dat 1547.95 0.00 1314 1150 1198.08 0.05
Instancias/fri26/fri26_50_8.dat 1876.65 0.00 1619 1441 1531.55 0.04
Instancias/fri26/fri26_50_9.dat 1615.71 0.00 1453 1267 1295.82 0.04
