Instancias/gr17/gr17_10_10.dat 2523.81 0.00 2085 2085 2085.00 0.81
Instancias/gr17/gr17_10_1.dat 2985.37 0.00 2182 2153 2153.61 0.10
Instancias/gr17/gr17_10_2.dat 2567.07 0.00 2204 2165 2167.29 0.11
Instancias/gr17/gr17_10_3.dat 2483.34 0.00 2103 2085 2086.30 0.14
Instancias/gr17/gr17_10_4.dat 3160.21 0.00 2601 2590 2590.21 0.08
Instancias/gr17/gr17_10_5.dat 2510.07 0.00 2103 2085 2086.02 0.13
Instancias/gr17/gr17_10_6.dat 2480.91 0.00 2120 2085 2086.55 0.11
Instancias/gr17/gr17_10_7.dat 2759.76 0.00 2103 2085 2086.48 0.15
Instancias/gr17/gr17_10_8.dat 2538.07 0.00 2157 2085 2088.69 0.09
Instancias/gr17/gr17_10_9.dat 2508.12 0.00 2090 2085 2085.92 0.16
Instancias/gr17/gr17_25_10.dat 3012.41 0.00 2833 2675 2705.90 0.06
Instancias/gr17/gr17_25_1.dat 2736.39 0.00 2350 2265 2272.32 0.07
Instancias/gr17/gr17_25_2.dat 3318.58 0.00 2548 2505 2506.28 0.07
Instancias/gr17/gr17_25_3.dat 2887.49 0.00 2383 2270 2283.15 0.07
Instancias/gr17/gr17_25_4.dat 3048.40 0.00 2167 2103 2107.53 0.06
Instancias/gr17/gr17_25_5.dat 2747.64 0.00 2181 2088 2099.16 0.07
Instancias/gr17/gr17_25_6.dat 3184.09 0.00 2277 2160 2164.79 0.05
Instancias/gr17/gr17_25_7.dat 2753.28 0.00 2120 2085 2087.47 0.10
Instancias/gr17/gr17_25_8.dat 2602.85 0.00 2192 2088 2100.71 0.08
Instancias/gr17/gr17_25_9.dat 2613.78 0.00 2233 2138 2142.11 0.07
Instancias/gr17/gr17_50_10.dat 2552.34 0.00 2206 2134 2135.27 0.06
Instancias/gr17/gr17_50_1.dat 3387.91 0.00 2875 2743 2767.17 0.06
Instancias/gr17/gr17_50_2.dat 3256.75 0.00 2446 2216 2239.65 0.05
Instancias/gr17/gr17_50_3.dat 3521.67 0.00 3110 3000 3012.11 0.04
Instancias/gr17/gr17_50_4.dat 3712.40 0.00 3017 2946 2947.28 0.03
Instancias/gr17/gr17_50_5.dat 2997.52 0.00 2301 2205 2207.56 0.05
Instancias/gr17/gr17_50_6.dat 3235.16 0.00 2706 2579 2602.99 0.04
Instancias/gr17/gr17_50_7.dat 3488.82 0.00 2926 2812 2816.64 0.04
Instancias/gr17/gr17_50_8.dat 3516.11 0.00 3034 3014 3015.67 0.04
Instancias/gr17/gr17_50_9.dat 3957.41 0.00 3454 3454 3454.00 0.04
