Instancias/gr21/gr21_10_10.dat 3569.96 0.00 2898 2707 2745.92 0.16
Instancias/gr21/gr21_10_1.dat 4016.19 0.00 2963 2707 2745.11 0.12
Instancias/gr21/gr21_10_2.dat 4285.94 0.00 3337 3002 3032.94 0.07
Instancias/gr21/gr21_10_3.dat 4111.68 0.00 3119 2851 2886.96 0.11
Instancias/gr21/gr21_10_4.dat 4139.85 0.00 3000 2760 2798.81 0.11
Instancias/gr21/gr21_10_5.dat 4033.61 0.00 2788 2707 2715.95 0.11
Instancias/gr21/gr21_10_6.dat 3640.94 0.00 3017 2760 2818.32 0.08
Instancias/gr21/gr21_10_7.dat 4031.76 0.00 3311 3093 3180.45 0.12
Instancias/gr21/gr21_10_8.dat 3736.83 0.00 3091 2962 3003.89 0.10
Instancias/gr21/gr21_10_9.dat 3647.96 0.00 2931 2787 2812.38 0.13
Instancias/gr21/gr21_25_10.dat 3805.87 0.00 3035 2707 2762.79 0.09
Instancias/gr21/gr21_25_1.dat 4157.20 0.00 2952 2788 2801.51 0.06
Instancias/gr21/gr21_25_2.dat 4139.86 0.00 3289 2946 3046.33 0.09
Instancias/gr21/gr21_25_3.dat 4056.23 0.00 3372 3109 3162.87 0.09
Instancias/gr21/gr21_25_4.dat 4333.42 0.00 3130 2707 2740.11 0.07
Instancias/gr21/gr21_25_5.dat 4317.91 0.00 3482 3159 3260.45 0.07
Instancias/gr21/gr21_25_6.dat 4395.52 0.00 3391 3159 3200.09 0.07
Instancias/gr21/gr21_25_7.dat 4030.70 0.00 3150 2921 2989.82 0.06
Instancias/gr21/gr21_25_8.dat 4365.46 0.00 3658 3421 3479.92 0.06
Instancias/gr21/gr21_25_9.dat 4056.18 0.00 3064 2709 2742.45 0.08
Instancias/gr21/gr21_50_10.dat 4449.93 0.00 4000 3483 3641.95 0.07
Instancias/gr21/gr21_50_1.dat 4543.56 0.00 3477 3115 3172.95 0.08
Instancias/gr21/gr21_50_2.dat 4872.52 0.00 4373 4041 4161.12 0.05
Instancias/gr21/gr21_50_3.dat 4888.27 0.00 4186 3892 3964.48 0.04
Instancias/gr21/gr21_50_4.dat 4805.64 0.00 4004 3570 3647.83 0.04
Instancias/gr21/gr21_50_5.dat 5203.96 0.00 4480 4132 4218.08 0.06
Instancias/gr21/gr21_50_6.dat 4424.38 0.00 3733 3417 3577.50 0.05
Instancias/gr21/gr21_50_7.dat 5087.05 0.00 4562 4249 4329.30 0.04
Instancias/gr21/gr21_50_8.dat 4817.09 0.00 3619 3296 3375.75 0.04
Instancias/gr21/gr21_50_9.dat 4945.41 0.00 4458 4186 4230.49 0.04
