Instancias/gr48/gr48_10_10.dat 7105.06 0.00 6125 5236 5696.12 0.36
Instancias/gr48/gr48_10_1.dat 7180.67 0.00 5935 5332 5632.90 0.40
Instancias/gr48/gr48_10_2.dat 7631.42 0.00 6808 5871 6274.76 0.23
Instancias/gr48/gr48_10_3.dat 7347.86 0.00 6460 5515 5962.22 0.23
Instancias/gr48/gr48_10_4.dat 7182.25 0.00 6435 5546 5966.28 0.25
Instancias/gr48/gr48_10_5.dat 7560.20 0.00 6869 5872 6355.20 0.21
Instancias/gr48/gr48_10_6.dat 7946.20 0.00 6745 5935 6345.27 0.30
Instancias/gr48/gr48_10_7.dat 7239.94 0.00 6318 5449 5886.24 0.23
Instancias/gr48/gr48_10_8.dat 7576.99 0.00 6186 5292 5700.18 0.25
Instancias/gr48/gr48_10_9.dat 7292.06 0.00 6341 5360 5854.67 0.30
Instancias/gr48/gr48_25_10.dat 8364.85 0.00 7621 6381 6864.91 0.13
Instancias/gr48/gr48_25_1.dat 7732.65 0.00 6873 5688 6235.31 0.20
Instancias/gr48/gr48_25_2.dat 8075.05 0.00 7402 6231 6760.30 0.22
Instancias/gr48/gr48_25_3.dat 8240.88 0.00 7125 5980 6538.26 0.16
Instancias/gr48/gr48_25_4.dat 8092.62 0.00 7148 5820 6432.25 0.20
Instancias/gr48/gr48_25_5.dat 8408.00 0.00 7696 6442 7073.01 0.20
Instancias/gr48/gr48_25_6.dat 7809.79 0.00 7255 5895 6539.22 0.22
Instancias/gr48/gr48_25_7.dat 8484.95 0.00 7752 6258 6908.88 0.18
Instancias/gr48/gr48_25_8.dat 7632.12 0.00 7033 5994 6507.16 0.19
Instancias/gr48/gr48_25_9.dat 7965.24 0.00 7158 6181 6664.84 0.14
Instancias/gr48/gr48_50_10.dat 8661.57 0.00 8394 6754 7367.26 0.16
Instancias/gr48/gr48_50_1.dat 8353.38 0.00 8245 6673 7301.84 0.15
Instancias/gr48/gr48_50_2.dat 9118.51 0.00 8753 7118 7754.09 0.13
Instancias/gr48/gr48_50_3.dat 8338.58 0.00 8028 6234 7076.10 0.15
Instancias/gr48/gr48_50_4.dat 9188.06 0.00 8479 6617 7580.12 0.12
Instancias/gr48/gr48_50_5.dat 9034.63 0.00 8598 6811 7787.84 0.12
Instancias/gr48/gr48_50_6.dat 10798.96 0.00 10267 8915 9518.44 0.13
Instancias/gr48/gr48_50_7.dat 8871.13 0.00 8110 6440 7078.29 0.15
Instancias/gr48/gr48_50_8.dat 9511.02 0.00 8415 6820 7467.20 0.12
Instancias/gr48/gr48_50_9.dat 9889.39 0.00 8969 7594 8211.12 0.13
