Instancias/bayg29/bayg29_10_10.dat 2123.75 0.00 1757 1655 1710.96 0.32
Instancias/bayg29/bayg29_10_1.dat 2082.12 0.00 1768 1610 1662.54 0.35
Instancias/bayg29/bayg29_10_2.dat 2205.04 0.00 1841 1654 1719.79 0.23
Instancias/bayg29/bayg29_10_3.dat 2359.43 0.00 1850 1753 1785.48 0.27
Instancias/bayg29/bayg29_10_4.dat 2168.38 0.00 1742 1622 1681.06 0.30
Instancias/bayg29/bayg29_10_5.dat 2224.21 0.00 1799 1645 1687.22 0.24
Instancias/bayg29/bayg29_10_6.dat 2112.12 0.00 1731 1622 1660.22 0.40
Instancias/bayg29/bayg29_10_7.dat 2364.01 0.00 2012 1838 1906.16 0.24
Instancias/bayg29/bayg29_10_8.dat 2593.41 0.00 2268 2114 2174.39 0.22
Instancias/bayg29/bayg29_10_9.dat 2141.25 0.00 1779 1628 1700.95 0.31
Instancias/bayg29/bayg29_25_10.dat 2377.20 0.00 2064 1862 1928.73 0.24
Instancias/bayg29/bayg29_25_1.dat 2561.79 0.00 2279 2027 2145.99 0.25
Instancias/bayg29/bayg29_25_2.dat 2123.20 0.00 1810 1660 1724.42 0.22
Instancias/bayg29/bayg29_25_3.dat 2314.18 0.00 2019 1827 1886.58 0.25
Instancias/bayg29/bayg29_25_4.dat 2293.53 0.00 1997 1805 1879.04 0.19
Instancias/bayg29/bayg29_25_5.dat 2235.09 0.00 1850 1709 1767.75 0.17
Instancias/bayg29/bayg29_25_6.dat 2367.13 0.00 2037 1841 1917.72 0.18
Instancias/bayg29/bayg29_25_7.dat 2323.35 0.00 2035 1805 1902.72 0.21
Instancias/bayg29/bayg29_25_8.dat 2267.57 0.00 1897 1718 1770.88 0.26
Instancias/bayg29/bayg29_25_9.dat 2157.85 0.00 1887 1683 1741.59 0.17
Instancias/bayg29/bayg29_50_10.dat 2419.54 0.00 2269 1899 1961.10 0.22
Instancias/bayg29/bayg29_50_1.dat 2529.31 0.00 2167 1928 1990.27 0.18
Instancias/bayg29/bayg29_50_2.dat 2791.53 0.00 2660 2255 2405.60 0.12
Instancias/bayg29/bayg29_50_3.dat 2583.98 0.00 2308 2098 2194.82 0.15
Instancias/bayg29/bayg29_50_4.dat 2439.94 0.00 2291 2019 2111.33 0.22
Instancias/bayg29/bayg29_50_5.dat 2307.41 0.00 2040 1785 1875.10 0.22
Instancias/bayg29/bayg29_50_6.dat 2766.99 0.00 2523 2367 2427.02 0.16
Instancias/bayg29/bayg29_50_7.dat 2814.48 0.00 2591 2400 2485.06 0.17
Instancias/bayg29/bayg29_50_8.dat 2686.12 0.00 2442 2204 2309.39 0.19
Instancias/bayg29/bayg29_50_9.dat 2469.32 0.00 2205 1987 2050.69 0.16
Instancias/burma14/burma14_10_10.dat 4360.64 0.00 3323 3323 3323.00 0.40
Instancias/burma14/burma14_10_1.dat 4275.07 0.00 3416 3416 3416.00 0.34
Instancias/burma14/burma14_10_2.dat 4373.19 0.00 3323 3323 3323.00 0.61
Instancias/burma14/burma14_10_3.dat 4742.10 0.00 3323 3323 3323.00 0.31
Instancias/burma14/burma14_10_4.dat 4537.35 0.00 3751 3751 3751.00 0.33
Instancias/burma14/burma14_10_5.dat 4449.91 0.00 3323 3323 3323.00 0.37
Instancias/burma14/burma14_10_6.dat 4376.07 0.00 3323 3323 3323.00 0.46
Instancias/burma14/burma14_10_7.dat 4298.17 0.00 3323 3323 3323.00 0.67
Instancias/burma14/burma14_10_8.dat 4450.89 0.00 3346 3346 3346.00 0.27
Instancias/burma14/burma14_10_9.dat 4519.39 0.00 3416 3416 3416.00 0.28
Instancias/burma14/burma14_25_10.dat 4471.90 0.00 3928 3928 3928.00 0.19
Instancias/burma14/burma14_25_1.dat 5071.26 0.00 4036 4036 4036.00 0.18
Instancias/burma14/burma14_25_2.dat 4619.75 0.00 3465 3465 3465.00 0.20
Instancias/burma14/burma14_25_3.dat 4902.78 0.00 3336 3336 3336.00 0.18
Instancias/burma14/burma14_25_4.dat 4111.74 0.00 3696 3696 3696.00 0.19
Instancias/burma14/burma14_25_5.dat 4410.31 0.00 3346 3346 3346.00 0.31
Instancias/burma14/burma14_25_6.dat 4820.99 0.00 3610 3610 3610.00 0.22
Instancias/burma14/burma14_25_7.dat 4415.74 0.00 3346 3346 3346.00 0.27
Instancias/burma14/burma14_25_8.dat 4542.91 0.00 3371 3371 3371.00 0.32
Instancias/burma14/burma14_25_9.dat 4410.38 0.00 3834 3834 3834.00 0.23
Instancias/burma14/burma14_50_10.dat 4935.19 0.00 4472 4467 4467.15 0.14
Instancias/burma14/burma14_50_1.dat 4824.89 0.00 4412 4412 4412.00 0.14
Instancias/burma14/burma14_50_2.dat 4554.80 0.00 3748 3748 3748.00 0.17
Instancias/burma14/burma14_50_3.dat 4817.87 0.00 3870 3870 3870.00 0.17
Instancias/burma14/burma14_50_4.dat 4886.03 0.00 3323 3323 3323.00 0.19
Instancias/burma14/burma14_50_5.dat 4564.55 0.00 3524 3524 3524.00 0.17
Instancias/burma14/burma14_50_6.dat 4695.02 0.00 3846 3846 3846.00 0.17
Instancias/burma14/burma14_50_7.dat 4509.53 0.00 3408 3408 3408.00 0.18
Instancias/burma14/burma14_50_8.dat 3991.17 0.00 3506 3506 3506.00 0.17
Instancias/burma14/burma14_50_9.dat 5601.74 0.00 4519 4519 4519.00 0.15
Instancias/fri26/fri26_10_10.dat 1169.07 0.00 985 937 948.59 0.62
Instancias/fri26/fri26_10_1.dat 1207.69 0.00 1003 937 956.57 0.61
Instancias/fri26/fri26_10_2.dat 1168.52 0.00 991 937 948.46 0.50
Instancias/fri26/fri26_10_3.dat 1241.79 0.00 1124 1009 1036.59 0.34
Instancias/fri26/fri26_10_4.dat 1225.14 0.00 1037 955 969.16 0.41
Instancias/fri26/fri26_10_5.dat 1315.51 0.00 1086 997 1018.17 0.49
Instancias/fri26/fri26_10_6.dat 1215.02 0.00 1044 937 962.51 0.49
Instancias/fri26/fri26_10_7.dat 1327.44 0.00 1115 1039 1063.12 0.27
Instancias/fri26/fri26_10_8.dat 1254.81 0.00 1035 953 970.03 0.34
Instancias/fri26/fri26_10_9.dat 1200.48 0.00 966 937 943.96 0.32
Instancias/fri26/fri26_25_10.dat 1330.82 0.00 1193 1093 1115.67 0.25
Instancias/fri26/fri26_25_1.dat 1345.73 0.00 1161 1055 1101.83 0.24
Instancias/fri26/fri26_25_2.dat 1434.47 0.00 1268 1201 1217.56 0.28
Instancias/fri26/fri26_25_3.dat 1397.76 0.00 1218 1139 1164.61 0.23
Instancias/fri26/fri26_25_4.dat 1530.54 0.00 1321 1233 1268.77 0.25
Instancias/fri26/fri26_25_5.dat 1350.99 0.00 1126 1020 1065.73 0.30
Instancias/fri26/fri26_25_6.dat 1448.94 0.00 1306 1172 1217.37 0.19
Instancias/fri26/fri26_25_7.dat 1381.38 0.00 1153 1101 1115.19 0.17
Instancias/fri26/fri26_25_8.dat 1329.66 0.00 1055 955 973.83 0.19
Instancias/fri26/fri26_25_9.dat 1357.23 0.00 1157 1081 1097.29 0.15
Instancias/fri26/fri26_50_10.dat 1273.69 0.00 1144 1048 1084.92 0.16
Instancias/fri26/fri26_50_1.dat 1596.44 0.00 1445 1273 1316.89 0.17
Instancias/fri26/fri26_50_2.dat 1410.65 0.00 1145 1045 1072.81 0.21
Instancias/fri26/fri26_50_3.dat 1372.60 0.00 1163 1035 1072.52 0.16
Instancias/fri26/fri26_50_4.dat 1489.10 0.00 1237 1185 1200.98 0.17
Instancias/fri26/fri26_50_5.dat 1437.15 0.00 1372 1185 1242.26 0.17
Instancias/fri26/fri26_50_6.dat 1411.56 0.00 1255 1158 1177.53 0.13
Instancias/fri26/fri26_50_7.dat 1530.59 0.00 1285 1150 1182.92 0.16
Instancias/fri26/fri26_50_8.dat 1761.94 0.00 1588 1441 1503.51 0.12
Instancias/fri26/fri26_50_9.dat 1494.99 0.00 1362 1267 1284.88 0.14
Instancias/gr17/gr17_10_10.dat 2347.26 0.00 2085 2085 2085.00 1.77
Instancias/gr17/gr17_10_1.dat 3034.60 0.00 2154 2153 2153.01 0.15
Instancias/gr17/gr17_10_2.dat 2513.87 0.00 2195 2165 2165.56 0.24
Instancias/gr17/gr17_10_3.dat 2364.25 0.00 2088 2085 2085.39 0.20
Instancias/gr17/gr17_10_4.dat 3007.64 0.00 2590 2590 2590.00 0.12
Instancias/gr17/gr17_10_5.dat 2388.23 0.00 2088 2085 2085.18 0.25
Instancias/gr17/gr17_10_6.dat 2366.54 0.00 2090 2085 2085.25 0.15
Instancias/gr17/gr17_10_7.dat 2569.34 0.00 2090 2085 2085.20 0.31
Instancias/gr17/gr17_10_8.dat 2439.84 0.00 2088 2085 2085.24 0.18
Instancias/gr17/gr17_10_9.dat 2372.77 0.00 2088 2085 2085.18 0.24
Instancias/gr17/gr17_25_10.dat 2962.36 0.00 2782 2675 2689.46 0.12
Instancias/gr17/gr17_25_1.dat 2594.35 0.00 2311 2265 2266.37 0.17
Instancias/gr17/gr17_25_2.dat 2997.98 0.00 2505 2505 2505.00 0.16
Instancias/gr17/gr17_25_3.dat 2944.29 0.00 2303 2270 2270.33 0.10
Instancias/gr17/gr17_25_4.dat 2886.13 0.00 2103 2103 2103.00 0.20
Instancias/gr17/gr17_25_5.dat 2676.63 0.00 2123 2088 2090.93 0.14
Instancias/gr17/gr17_25_6.dat 3058.80 0.00 2160 2160 2160.00 0.15
Instancias/gr17/gr17_25_7.dat 2635.49 0.00 2090 2085 2085.72 0.16
Instancias/gr17/gr17_25_8.dat 2454.74 0.00 2129 2088 2090.53 0.19
Instancias/gr17/gr17_25_9.dat 2529.20 0.00 2166 2138 2138.56 0.10
Instancias/gr17/gr17_50_10.dat 2440.74 0.00 2134 2134 2134.00 0.09
Instancias/gr17/gr17_50_1.dat 3304.55 0.00 2848 2743 2752.30 0.08
Instancias/gr17/gr17_50_2.dat 2533.29 0.00 2268 2216 2218.60 0.09
Instancias/gr17/gr17_50_3.dat 3437.56 0.00 3035 3000 3006.44 0.07
Instancias/gr17/gr17_50_4.dat 3588.13 0.00 2953 2946 2946.13 0.07
Instancias/gr17/gr17_50_5.dat 2922.00 0.00 2225 2205 2205.26 0.14
Instancias/gr17/gr17_50_6.dat 3212.40 0.00 2650 2579 2585.84 0.11
Instancias/gr17/gr17_50_7.dat 3416.54 0.00 2865 2812 2813.09 0.08
Instancias/gr17/gr17_50_8.dat 3374.52 0.00 3025 3014 3014.11 0.07
Instancias/gr17/gr17_50_9.dat 3848.38 0.00 3454 3454 3454.00 0.07
Instancias/gr21/gr21_10_10.dat 3418.45 0.00 2825 2707 2722.78 0.48
Instancias/gr21/gr21_10_1.dat 3531.77 0.00 2847 2707 2715.21 0.19
Instancias/gr21/gr21_10_2.dat 4183.33 0.00 3055 3002 3009.50 0.15
Instancias/gr21/gr21_10_3.dat 3761.24 0.00 3066 2851 2871.47 0.24
Instancias/gr21/gr21_10_4.dat 4038.16 0.00 2970 2760 2769.71 0.23
Instancias/gr21/gr21_10_5.dat 3705.93 0.00 2709 2707 2707.14 0.32
Instancias/gr21/gr21_10_6.dat 3651.57 0.00 2907 2760 2792.15 0.17
Instancias/gr21/gr21_10_7.dat 3863.70 0.00 3250 3093 3137.86 0.23
Instancias/gr21/gr21_10_8.dat 3635.03 0.00 3064 2962 2979.48 0.21
Instancias/gr21/gr21_10_9.dat 3532.28 0.00 2918 2787 2801.02 0.23
Instancias/gr21/gr21_25_10.dat 3582.76 0.00 2827 2707 2723.25 0.29
Instancias/gr21/gr21_25_1.dat 3891.15 0.00 2816 2788 2790.43 0.20
Instancias/gr21/gr21_25_2.dat 3892.80 0.00 3235 2946 3001.71 0.15
Instancias/gr21/gr21_25_3.dat 3923.47 0.00 3198 3109 3128.15 0.22
Instancias/gr21/gr21_25_4.dat 3913.15 0.00 2827 2707 2715.43 0.18
Instancias/gr21/gr21_25_5.dat 4078.57 0.00 3447 3159 3220.88 0.12
Instancias/gr21/gr21_25_6.dat 4180.13 0.00 3372 3159 3178.96 0.17
Instancias/gr21/gr21_25_7.dat 3825.68 0.00 3072 2921 2970.75 0.12
Instancias/gr21/gr21_25_8.dat 4047.57 0.00 3547 3421 3446.07 0.19
Instancias/gr21/gr21_25_9.dat 3823.94 0.00 2832 2709 2725.10 0.15
Instancias/gr21/gr21_50_10.dat 4399.58 0.00 3810 3483 3608.70 0.10
Instancias/gr21/gr21_50_1.dat 4308.13 0.00 3292 3115 3142.10 0.13
Instancias/gr21/gr21_50_2.dat 4507.39 0.00 4318 4041 4124.52 0.15
Instancias/gr21/gr21_50_3.dat 4705.29 0.00 4170 3892 3934.91 0.14
Instancias/gr21/gr21_50_4.dat 4940.98 0.00 3818 3570 3602.77 0.14
Instancias/gr21/gr21_50_5.dat 5182.75 0.00 4359 4132 4167.25 0.10
Instancias/gr21/gr21_50_6.dat 4418.35 0.00 3652 3417 3540.02 0.16
Instancias/gr21/gr21_50_7.dat 4724.25 0.00 4537 4249 4294.90 0.13
Instancias/gr21/gr21_50_8.dat 3949.29 0.00 3571 3296 3329.34 0.10
Instancias/gr21/gr21_50_9.dat 4758.48 0.00 4278 4186 4202.17 0.09
Instancias/gr48/gr48_10_10.dat 6738.69 0.00 5873 5263 5627.68 0.82
Instancias/gr48/gr48_10_1.dat 6723.90 0.00 5891 5194 5564.42 0.99
Instancias/gr48/gr48_10_2.dat 7176.00 0.00 6504 5833 6120.15 0.57
Instancias/gr48/gr48_10_3.dat 7023.15 0.00 6395 5521 5854.34 0.64
Instancias/gr48/gr48_10_4.dat 6855.58 0.00 6380 5505 5871.03 0.49
Instancias/gr48/gr48_10_5.dat 7188.74 0.00 6560 5956 6277.44 0.39
Instancias/gr48/gr48_10_6.dat 7608.41 0.00 6559 5738 6182.32 0.37
Instancias/gr48/gr48_10_7.dat 6839.59 0.00 6157 5357 5779.46 0.61
Instancias/gr48/gr48_10_8.dat 7173.25 0.00 6011 5236 5597.10 0.46
Instancias/gr48/gr48_10_9.dat 6897.28 0.00 6206 5380 5761.97 0.64
Instancias/gr48/gr48_25_10.dat 7948.26 0.00 7343 6293 6721.26 0.35
Instancias/gr48/gr48_25_1.dat 7380.42 0.00 6716 5670 6129.42 0.44
Instancias/gr48/gr48_25_2.dat 7608.41 0.00 7188 6081 6650.31 0.29
Instancias/gr48/gr48_25_3.dat 7835.85 0.00 6996 5918 6426.61 0.30
Instancias/gr48/gr48_25_4.dat 7677.08 0.00 6781 5814 6257.01 0.42
Instancias/gr48/gr48_25_5.dat 7652.33 0.00 7367 6427 6869.66 0.35
Instancias/gr48/gr48_25_6.dat 7371.21 0.00 7014 5946 6420.08 0.34
Instancias/gr48/gr48_25_7.dat 8004.52 0.00 7481 6073 6777.04 0.25
Instancias/gr48/gr48_25_8.dat 7204.55 0.00 6882 5769 6364.01 0.40
Instancias/gr48/gr48_25_9.dat 7541.22 0.00 6972 6161 6557.40 0.37
Instancias/gr48/gr48_50_10.dat 8107.98 0.00 7777 6606 7187.91 0.27
Instancias/gr48/gr48_50_1.dat 7831.56 0.00 7692 6586 7125.92 0.22
Instancias/gr48/gr48_50_2.dat 8762.13 0.00 8416 7017 7566.91 0.24
Instancias/gr48/gr48_50_3.dat 7910.36 0.00 7445 6316 6913.82 0.21
Instancias/gr48/gr48_50_4.dat 8545.60 0.00 8065 6698 7358.47 0.19
Instancias/gr48/gr48_50_5.dat 8667.18 0.00 8195 6688 7549.48 0.20
Instancias/gr48/gr48_50_6.dat 10364.05 0.00 9900 8749 9398.62 0.19
Instancias/gr48/gr48_50_7.dat 8228.27 0.00 7494 6252 6836.32 0.22
Instancias/gr48/gr48_50_8.dat 8777.77 0.00 8038 6783 7256.62 0.29
Instancias/gr48/gr48_50_9.dat 9232.18 0.00 8920 7461 8037.29 0.30
Instancias/ulysses16/ulysses16_10_10.dat 8904.26 0.00 6870 6859 6860.05 0.27
Instancias/ulysses16/ulysses16_10_1.dat 8782.22 0.00 6895 6859 6860.28 0.21
Instancias/ulysses16/ulysses16_10_2.dat 9538.63 0.00 6870 6859 6859.83 0.45
Instancias/ulysses16/ulysses16_10_3.dat 9915.07 0.00 6875 6859 6859.55 0.28
Instancias/ulysses16/ulysses16_10_4.dat 9623.30 0.00 6870 6859 6859.83 0.24
Instancias/ulysses16/ulysses16_10_5.dat 8851.89 0.00 6875 6859 6859.64 0.23
Instancias/ulysses16/ulysses16_10_6.dat 9926.92 0.00 7000 6951 6953.20 0.16
Instancias/ulysses16/ulysses16_10_7.dat 8827.55 0.00 6859 6859 6859.00 1.03
Instancias/ulysses16/ulysses16_10_8.dat 8782.57 0.00 6903 6859 6862.24 0.19
Instancias/ulysses16/ulysses16_10_9.dat 9613.09 0.00 6870 6859 6859.11 0.56
Instancias/ulysses16/ulysses16_25_10.dat 9929.32 0.00 8045 7781 7846.19 0.12
Instancias/ulysses16/ulysses16_25_1.dat 8516.86 0.00 6900 6890 6890.98 0.24
Instancias/ulysses16/ulysses16_25_2.dat 9521.27 0.00 6956 6859 6863.20 0.17
Instancias/ulysses16/ulysses16_25_3.dat 9364.64 0.00 6922 6859 6860.49 0.21
Instancias/ulysses16/ulysses16_25_4.dat 9930.40 0.00 7880 7401 7411.89 0.14
Instancias/ulysses16/ulysses16_25_5.dat 10127.90 0.00 7686 7671 7672.05 0.13
Instancias/ulysses16/ulysses16_25_6.dat 9205.40 0.00 7029 7029 7029.00 0.11
Instancias/ulysses16/ulysses16_25_7.dat 9689.70 0.00 7490 7446 7446.44 0.21
Instancias/ulysses16/ulysses16_25_8.dat 8944.48 0.00 6900 6859 6861.13 0.17
Instancias/ulysses16/ulysses16_25_9.dat 9998.14 0.00 6923 6859 6867.34 0.15
Instancias/ulysses16/ulysses16_50_10.dat 8968.01 0.00 7736 7706 7706.88 0.13
Instancias/ulysses16/ulysses16_50_1.dat 10486.86 0.00 7264 7264 7264.00 0.09
Instancias/ulysses16/ulysses16_50_2.dat 10169.11 0.00 7777 7715 7717.92 0.11
Instancias/ulysses16/ulysses16_50_3.dat 10423.66 0.00 9618 9612 9612.24 0.08
Instancias/ulysses16/ulysses16_50_4.dat 10743.24 0.00 7506 7313 7319.91 0.08
Instancias/ulysses16/ulysses16_50_5.dat 9674.54 0.00 6949 6909 6913.00 0.09
Instancias/ulysses16/ulysses16_50_6.dat 9940.33 0.00 7330 7301 7303.05 0.12
Instancias/ulysses16/ulysses16_50_7.dat 10912.65 0.00 8249 8118 8166.92 0.08
Instancias/ulysses16/ulysses16_50_8.dat 8915.19 0.00 7065 7065 7065.00 0.11
Instancias/ulysses16/ulysses16_50_9.dat 8774.30 0.00 6941 6900 6904.46 0.11
Instancias/ulysses22/ulysses22_10_10.dat 9216.09 0.00 7181 7087 7109.39 0.24
Instancias/ulysses22/ulysses22_10_1.dat 10095.66 0.00 7141 7013 7058.20 0.37
Instancias/ulysses22/ulysses22_10_2.dat 9934.93 0.00 7270 7013 7059.64 0.23
Instancias/ulysses22/ulysses22_10_3.dat 9016.12 0.00 7105 7013 7040.10 0.46
Instancias/ulysses22/ulysses22_10_4.dat 10054.12 0.00 7128 7013 7046.88 0.55
Instancias/ulysses22/ulysses22_10_5.dat 10378.86 0.00 7187 7013 7065.97 0.19
Instancias/ulysses22/ulysses22_10_6.dat 9966.34 0.00 7505 7250 7322.13 0.30
Instancias/ulysses22/ulysses22_10_7.dat 10161.11 0.00 7500 7246 7319.38 0.23
Instancias/ulysses22/ulysses22_10_8.dat 11038.59 0.00 7469 7181 7227.46 0.26
Instancias/ulysses22/ulysses22_10_9.dat 10085.93 0.00 7537 7047 7140.68 0.15
Instancias/ulysses22/ulysses22_25_10.dat 9020.46 0.00 8886 7961 8019.87 0.14
Instancias/ulysses22/ulysses22_25_1.dat 10280.81 0.00 7343 7083 7191.42 0.28
Instancias/ulysses22/ulysses22_25_2.dat 10784.22 0.00 8299 7415 7604.36 0.15
Instancias/ulysses22/ulysses22_25_3.dat 10274.49 0.00 8549 8177 8220.90 0.18
Instancias/ulysses22/ulysses22_25_4.dat 10194.79 0.00 7773 7385 7426.15 0.17
Instancias/ulysses22/ulysses22_25_5.dat 10725.03 0.00 7744 7449 7482.77 0.24
Instancias/ulysses22/ulysses22_25_6.dat 11037.17 0.00 8048 7589 7730.96 0.17
Instancias/ulysses22/ulysses22_25_7.dat 11259.87 0.00 8276 7729 8067.33 0.15
Instancias/ulysses22/ulysses22_25_8.dat 10741.88 0.00 8028 7123 7344.90 0.16
Instancias/ulysses22/ulysses22_25_9.dat 10428.24 0.00 7473 7176 7246.45 0.16
Instancias/ulysses22/ulysses22_50_10.dat 10879.38 0.00 8394 7941 7994.60 0.17
Instancias/ulysses22/ulysses22_50_1.dat 10647.09 0.00 8692 8290 8354.83 0.17
Instancias/ulysses22/ulysses22_50_2.dat 10091.37 0.00 8324 7538 7744.18 0.13
Instancias/ulysses22/ulysses22_50_3.dat 11197.30 0.00 9147 8833 8909.65 0.13
Instancias/ulysses22/ulysses22_50_4.dat 11725.83 0.00 9493 9324 9353.39 0.11
Instancias/ulysses22/ulysses22_50_5.dat 10759.79 0.00 8690 8284 8377.26 0.12
Instancias/ulysses22/ulysses22_50_6.dat 9375.57 0.00 8370 7570 7726.37 0.14
Instancias/ulysses22/ulysses22_50_7.dat 10571.18 0.00 8290 7897 7962.58 0.17
Instancias/ulysses22/ulysses22_50_8.dat 10291.91 0.00 9809 9558 9629.91 0.09
Instancias/ulysses22/ulysses22_50_9.dat 10757.47 0.00 9538 9021 9200.25 0.10
